852 0
852 0
852 0
852 0
852 0
852 0
852 0
852 0
852 0
852 0
852 0
852 0
853 3
854 6
854 10
854 14
855 20
855 27
855 33
855 37
855 42
855 47
855 53
855 59
854 64
854 70
854 78
854 86
851 97
850 107
849 118
849 129
848 137
847 144
846 152
846 158
846 163
846 168
846 173
845 178
844 184
843 191
843 194
842 200
839 209
837 216
834 227
831 237
830 245
827 254
826 261
824 265
823 268
822 274
820 281
819 286
818 291
817 298
816 304
814 315
814 328
814 335
814 342
813 349
812 354
811 357
809 362
804 373
802 377
800 380
797 384
792 389
785 400
778 409
772 415
769 419
768 422
765 425
760 430
757 433
754 436
750 440
747 443
741 450
737 453
734 455
729 458
723 462
718 466
711 470
705 474
696 478
691 481
686 484
678 488
670 491
661 497
652 500
647 503
642 505
637 506
632 508
627 509
621 511
614 513
607 514
601 515
592 516
585 518
579 518
571 520
565 520
559 521
551 521
540 521
523 521
513 521
499 521
487 521
474 519
463 518
458 517
453 517
440 516
426 516
410 514
397 512
385 510
375 508
370 507
363 505
354 503
345 501
333 499
325 497
314 496
306 495
295 492
286 491
273 489
262 486
251 484
240 482
230 480
220 479
209 477
200 475
184 472
173 472
162 471
149 469
138 467
129 466
117 465
105 464
88 462
79 461
73 460
69 459
65 459
58 458
52 457
45 456
38 456
32 456
26 455
24 454
22 453
22 453
