1477 2
1477 2
1477 2
1477 2
1477 2
1477 2
1477 2
1477 2
1477 2
1477 2
1477 2
1476 3
1475 8
1474 11
1473 14
1473 18
1473 22
1473 25
1473 28
1473 30
1473 33
1474 36
1474 40
1474 45
1474 50
1474 56
1474 62
1472 67
1470 74
1469 79
1468 82
1467 87
1466 92
1464 97
1462 104
1460 111
1458 118
1458 121
1458 124
1457 129
1457 132
1456 133
1455 136
1455 141
1455 148
1455 153
1455 156
1455 163
1455 168
1453 174
1450 182
1445 196
1440 210
1437 218
1435 225
1434 231
1434 236
1432 240
1431 245
1430 250
1430 256
1430 260
1430 264
1430 269
1429 274
1429 277
1428 281
1427 287
1425 295
1424 301
1421 307
1419 313
1416 320
1412 330
1407 340
1402 351
1398 362
1394 368
1390 375
1385 383
1379 390
1375 396
1371 399
1365 405
1356 413
1350 417
1344 422
1335 428
1328 434
1318 438
1310 444
1296 450
1279 461
1268 467
1261 472
1255 474
1251 477
1245 480
1240 483
1234 485
1226 487
1220 489
1214 491
1206 493
1198 495
1193 497
1189 498
1185 498
1180 499
1177 499
1175 499
1173 499
1170 499
1165 499
1162 499
1159 499
1151 500
1139 500
1129 501
1117 502
1105 502
1095 503
1084 505
1070 506
1055 506
1045 508
1035 509
1027 509
1020 508
1015 507
1011 506
1003 505
992 504
981 503
973 501
967 500
960 498
951 497
941 495
924 492
908 490
893 488
879 487
864 485
851 484
839 483
828 482
811 480
800 478
791 477
784 477
780 477
776 477
771 477
764 477
753 475
742 474
730 473
720 472
712 472
704 472
696 472
688 472
678 472
669 472
661 472
653 472
647 472
639 473
632 473
623 474
616 474
610 475
606 477
602 478
598 480
595 481
592 483
585 488
576 494
569 499
562 506
553 511
544 517
537 522
533 527
527 532
520 540
514 547
507 555
500 560
497 566
493 571
489 577
484 582
479 590
475 600
471 607
468 613
466 618
463 621
457 628
451 633
442 641
439 645
436 648
432 653
430 657
427 662
423 669
421 672
417 681
413 686
409 693
405 698
402 702
398 711
388 724
380 734
370 748
365 756
361 762
353 772
345 789
340 798
336 804
334 807
332 810
328 815
323 824
320 833
316 842
314 844
313 847
311 850
308 855
305 858
305 860
305 862
304 866
303 878
300 881
299 885
297 890
296 895
294 898
291 909
289 912
287 915
285 918
283 922
277 934
272 940
267 947
261 955
258 959
256 961
255 963
254 964
253 966
250 970
245 974
243 978
241 984
239 990
237 996
236 1002
235 1006
234 1011
234 1017
234 1024
233 1029
233 1032
232 1033
232 1036
232 1036
232 1038
232 1040
231 1041
231 1043
231 1045
231 1048
230 1051
229 1052
229 1052
229 1052
229 1052
229 1052
229 1052
229 1052
