249 2
249 2
249 2
249 2
249 2
249 2
249 2
249 2
249 2
249 2
249 2
249 2
249 2
250 3
250 5
250 7
250 8
249 10
249 13
248 16
247 20
247 23
247 26
247 28
247 31
247 34
247 37
247 39
246 42
245 44
245 47
245 51
245 55
245 58
245 64
247 70
249 75
250 77
251 79
252 84
255 90
257 95
258 101
260 106
260 109
262 117
263 125
264 132
264 137
266 142
267 147
269 153
270 160
271 168
272 179
274 185
276 192
278 200
281 210
283 216
284 222
285 225
286 229
286 232
287 235
288 237
290 243
293 252
295 259
298 267
303 279
306 283
309 287
310 291
313 296
317 306
324 320
329 331
335 341
340 351
348 363
358 376
366 386
371 393
375 399
380 404
389 413
397 420
404 426
409 431
413 435
418 439
420 442
426 445
434 450
439 455
444 458
448 460
453 462
456 463
458 464
460 466
466 471
472 474
480 479
486 481
494 485
502 488
509 490
516 491
524 493
536 495
547 497
558 499
565 500
568 500
571 500
574 500
580 500
583 500
587 500
591 500
597 500
603 500
609 500
615 500
622 500
630 500
639 500
646 500
654 498
660 498
664 497
667 495
670 495
672 495
675 494
680 493
683 493
687 493
691 492
699 492
706 492
711 491
715 490
721 489
728 488
735 486
741 484
750 482
755 481
760 480
765 479
768 479
770 479
775 478
780 477
785 476
790 475
791 475
792 475
794 475
799 475
804 475
810 475
817 475
826 476
834 477
847 477
857 477
865 478
872 480
880 480
892 481
898 481
904 481
911 481
916 481
920 481
927 481
935 482
945 484
952 485
960 486
969 486
979 488
989 490
1000 490
1008 491
1014 491
1018 491
1024 492
1032 492
1041 493
1048 496
1057 500
1066 503
1076 508
1080 509
1083 512
1087 513
1092 517
1095 518
1098 520
1102 523
1107 526
1111 527
1114 530
1116 532
1120 535
1124 539
1128 544
1132 549
1137 557
1141 561
1145 565
1147 568
1150 571
1153 573
1157 576
1162 582
1167 588
1171 593
1175 597
1179 603
1185 610
1190 616
1195 622
1203 633
1209 639
1213 645
1218 650
1221 654
1227 660
1234 666
1238 673
1248 686
1256 696
1261 705
1264 710
1268 716
1269 719
1271 722
1271 724
1275 730
1276 733
1278 735
1279 736
1281 739
1283 744
1285 748
1289 754
1292 759
1296 768
1301 779
1304 788
1306 793
1308 798
1309 802
1310 805
1313 810
1314 817
1315 822
1316 825
1318 829
1319 834
1322 839
1323 844
1326 855
1331 867
1335 877
1338 885
1341 891
1342 896
1344 900
1345 904
1347 907
1348 909
1349 912
1351 915
1352 919
1354 923
1356 928
1357 933
1358 937
1359 941
1361 945
1363 949
1363 951
1365 955
1366 959
1367 961
1368 964
1369 965
1369 967
1370 968
1371 970
1371 972
1372 974
1373 977
1374 980
1374 982
1374 984
1375 986
1376 987
1376 988
1376 990
1376 992
1376 994
1377 997
1378 1000
1378 1002
1379 1006
1379 1009
1379 1012
1380 1015
1381 1016
1381 1019
1382 1021
1382 1023
1382 1025
1384 1028
1384 1030
1385 1033
1388 1038
1390 1042
1391 1045
1391 1046
1392 1048
1392 1049
1393 1049
1393 1051
