0 634
0 634
0 634
0 634
0 634
0 634
0 634
0 634
0 634
0 634
0 634
0 634
0 634
0 634
0 634
2 633
4 633
6 632
8 630
10 629
15 625
17 624
19 624
21 623
22 622
24 621
28 620
33 619
39 616
46 614
51 611
56 610
63 607
73 602
83 597
94 593
109 586
122 578
133 571
142 566
152 560
159 558
166 554
180 548
196 540
210 534
226 527
241 519
255 512
273 504
287 496
309 489
323 482
338 477
353 473
373 465
395 456
411 452
430 447
445 444
454 440
467 436
487 429
504 421
526 414
542 408
553 403
567 398
577 395
586 390
595 386
606 382
623 374
636 369
648 366
668 363
684 360
704 356
726 355
751 353
779 350
804 350
829 349
860 346
878 343
892 343
908 343
921 343
942 344
964 344
988 347
1019 350
1037 353
1047 354
1055 358
1068 363
1078 367
1090 370
1102 374
1114 383
1134 396
1155 411
1170 422
1176 429
1179 433
1184 440
1189 448
1193 455
1196 461
1198 467
1200 473
1201 479
1202 487
1203 495
1203 506
1203 512
1203 519
1203 527
1203 534
1203 539
1203 543
1203 546
1202 551
1201 558
1198 567
1195 574
1193 579
1190 582
1186 588
1184 593
1178 599
1173 605
1165 610
1158 616
1154 618
1146 623
1138 628
1131 631
1123 637
1116 640
1107 645
1102 647
1098 650
1093 653
1088 655
1081 658
1071 661
1062 663
1049 665
1036 667
1024 669
1014 669
1002 671
985 672
977 672
973 672
969 672
963 672
955 672
945 672
933 672
925 671
921 670
916 669
908 667
897 664
885 661
870 656
857 653
848 650
844 648
840 645
835 642
830 638
825 635
821 630
817 628
812 621
809 615
803 608
798 599
792 592
785 580
780 568
774 560
769 549
764 541
762 534
761 528
759 524
757 515
756 508
756 503
756 493
756 487
756 480
756 473
758 464
762 455
765 446
768 438
774 427
777 420
780 412
783 405
789 398
793 393
799 385
806 379
815 370
821 366
825 363
828 360
832 357
837 353
849 344
861 336
875 329
884 323
892 319
902 312
913 306
922 301
931 295
942 285
950 278
956 270
962 264
969 256
977 245
981 238
984 233
988 226
991 216
995 203
998 196
998 190
1000 181
1002 172
1005 164
1006 152
1006 145
1006 131
1006 120
1006 116
1007 99
1010 68
1013 43
1013 38
1013 37
1013 28
1012 11
1012 4
1012 0
1012 0
1012 0
1012 0
1012 0
1012 0
1012 0
1012 0
1012 0
1012 0
1012 0
