107 0
107 0
107 0
107 0
107 0
107 0
107 0
107 0
107 0
107 0
107 0
115 10
129 22
142 34
149 42
156 49
164 57
168 61
173 68
184 81
195 93
203 104
211 114
221 125
235 142
245 154
252 162
258 173
266 183
271 193
275 198
276 200
278 205
279 207
280 207
281 209
281 212
284 217
287 222
291 227
295 233
297 237
301 244
306 250
310 255
316 262
320 269
324 276
328 283
334 292
339 300
345 308
350 315
352 318
352 318
352 318
352 318
352 318
352 318
354 320
358 327
364 334
368 339
373 346
381 358
390 371
397 382
405 391
423 410
441 428
450 441
455 450
466 470
477 487
486 503
493 514
504 530
514 545
520 556
526 564
538 580
548 590
559 602
573 614
586 625
598 634
604 640
607 642
612 650
619 659
626 669
630 674
635 682
642 698
651 714
659 727
667 741
675 758
682 772
688 783
693 792
695 797
699 802
702 809
704 813
708 820
714 830
724 843
730 850
736 858
740 865
745 872
749 877
751 880
754 883
757 888
763 895
768 901
770 905
774 910
781 920
786 927
789 929
793 934
798 941
803 949
810 956
815 963
819 970
824 977
829 984
833 988
835 990
837 994
842 1000
847 1007
850 1011
858 1021
872 1033
882 1041
887 1046
890 1049
893 1051
898 1054
901 1056
902 1057
904 1058
905 1059
906 1060
908 1062
