-165 288
-150 288
-135 288
-120 288
-105 288
-90 288
-75 288
-60 288
-45 288
-30 288
-15 288
0 288
15 288
27 276
39 270
63 258
96 243
126 231
156 219
180 210
210 198
240 186
264 177
288 171
309 165
330 162
369 153
408 144
444 141
486 138
531 138
567 141
606 147
651 156
684 162
711 174
744 186
783 195
825 207
858 222
894 237
933 252
963 270
981 282
987 288
993 291
999 306
1005 324
1011 339
1011 348
1011 366
1011 387
1011 408
1005 429
996 453
987 474
978 492
966 510
948 522
930 537
909 552
882 567
852 582
825 591
789 606
753 618
717 630
681 639
633 651
561 666
489 669
420 672
351 678
288 687
228 690
171 693
102 693
30 693
0 693
0 690
0 690
0 687
0 687
0 687
0 687
0 687
0 687
0 687
0 687
0 687
0 687
