0 261
0 261
0 261
0 261
0 261
0 261
0 261
0 261
2 261
5 261
9 260
11 259
17 259
21 258
26 257
31 256
38 255
42 255
45 255
48 253
51 252
54 251
58 249
63 248
69 246
73 244
81 241
87 239
91 237
94 237
98 235
103 233
109 231
115 229
121 227
125 226
130 224
135 222
141 221
150 219
164 219
174 218
185 217
198 215
215 214
227 214
240 213
250 211
260 209
265 208
270 207
277 206
282 206
287 204
292 204
296 202
306 201
316 200
325 198
332 197
341 195
352 193
357 192
360 192
363 191
368 191
375 189
382 189
394 187
404 187
412 187
420 187
428 187
439 186
449 184
458 183
468 181
485 177
508 173
534 170
563 166
578 164
591 162
602 161
613 160
627 160
636 159
644 159
652 158
662 158
669 158
673 158
677 158
682 157
691 157
702 157
714 158
720 158
726 158
731 158
737 158
745 158
752 157
757 156
764 153
771 152
777 151
781 150
784 149
788 148
793 148
799 147
808 147
817 147
822 147
830 148
840 149
856 150
870 151
878 152
886 153
894 154
902 155
906 156
908 157
912 157
922 160
933 162
948 164
955 166
960 167
966 168
977 171
988 174
995 176
1001 178
1025 186
1065 200
1106 211
1119 214
1120 214
1120 214
1121 215
1123 215
1133 219
1150 226
1161 230
1165 232
1167 232
1170 232
1176 234
1185 238
1201 242
1207 244
1212 245
1216 246
1220 247
1225 249
1230 250
1235 252
1238 253
1242 254
1247 255
1252 257
1258 259
1263 261
1265 262
