256 0
256 0
256 0
256 0
256 0
256 0
256 0
256 0
256 0
256 0
256 0
256 0
256 0
257 2
262 10
266 15
267 17
270 23
274 30
278 35
281 40
286 46
292 55
301 66
306 70
311 77
315 82
323 90
332 101
343 114
351 125
356 131
358 133
361 137
368 145
376 155
385 165
394 174
406 186
411 192
413 194
417 199
422 207
428 215
434 225
443 234
455 252
468 270
480 291
492 306
500 316
505 325
510 333
515 340
519 346
522 352
526 358
530 367
532 375
537 383
544 394
554 407
566 426
571 436
577 442
580 448
586 457
592 468
600 479
606 488
611 494
616 501
621 507
626 514
633 522
637 528
643 534
648 542
656 553
662 560
665 563
667 566
670 568
673 571
676 575
685 585
700 606
709 620
712 626
714 628
714 629
715 631
718 634
724 642
734 650
742 657
747 664
753 672
760 681
767 692
775 702
780 707
785 712
789 719
795 728
802 739
809 749
813 755
818 764
826 778
837 803
840 807
842 812
844 816
849 824
852 833
856 839
861 846
863 850
866 857
873 866
881 877
897 895
915 918
925 930
933 939
945 956
956 972
971 990
985 1008
993 1017
997 1023
999 1025
1001 1028
1003 1029
1003 1029
1005 1031
1007 1033
1009 1037
1011 1040
1015 1044
1018 1047
1021 1051
1024 1054
1027 1058
1030 1060
1033 1063
1034 1064
1036 1067
1038 1069
1040 1070
1041 1071
