261 0
261 0
261 0
261 0
261 0
261 0
261 0
261 0
261 0
261 0
260 0
259 2
259 4
258 8
258 9
258 11
258 13
257 15
257 22
257 28
257 30
257 31
257 31
257 34
257 38
257 42
258 47
259 50
260 55
261 59
263 61
263 66
265 72
266 79
267 83
268 89
269 93
271 103
272 112
273 119
274 126
275 133
276 138
277 145
278 151
280 161
282 167
284 171
285 176
285 182
285 187
286 194
287 200
287 209
289 217
292 221
294 227
296 234
299 240
298 242
298 249
303 257
304 261
306 265
309 271
312 280
316 286
318 291
320 297
323 306
327 314
331 321
334 329
336 335
337 337
339 341
342 348
348 357
351 362
354 365
357 370
361 375
366 382
371 387
373 390
375 391
377 395
380 399
387 406
393 411
399 416
405 420
411 425
417 429
422 434
427 437
430 440
432 441
433 441
436 444
438 446
446 450
453 453
459 454
470 459
478 463
492 469
507 476
523 481
540 485
548 486
557 489
570 490
579 492
586 492
595 494
602 494
608 494
618 496
632 497
648 499
659 499
666 499
670 499
674 499
683 498
693 498
706 498
719 497
725 497
729 497
731 497
736 495
746 492
755 492
761 492
765 490
767 490
770 489
771 489
774 489
783 488
790 488
795 488
802 488
808 487
820 487
829 487
837 487
847 487
855 487
870 487
894 489
918 492
932 495
935 495
937 495
946 498
956 500
971 504
992 508
1004 512
1008 514
1010 514
1011 515
1026 523
1043 531
1059 540
1070 550
1082 557
1087 560
1090 562
1093 564
1096 567
1100 570
1107 576
1122 586
1132 594
1141 599
1146 604
1150 607
1153 611
1154 613
1157 617
1162 622
1166 630
1168 632
1169 634
1174 644
1178 655
1182 661
1184 665
1187 672
1190 677
1194 684
1196 688
1199 696
1203 704
1205 709
1209 717
1211 721
1213 726
1217 732
1221 742
1223 747
1226 753
1230 760
1233 766
1234 774
1236 781
1240 788
1242 795
1243 801
1245 808
1248 817
1250 825
1253 832
1255 838
1256 845
1257 850
1257 855
1257 860
1258 867
1258 870
1258 872
1258 877
1258 884
1258 890
1258 898
1257 906
1257 915
1257 923
1258 932
1259 941
1259 946
1259 950
1260 956
1260 961
1260 964
1261 967
1261 970
1261 977
1262 983
1263 991
1263 996
1263 1001
1265 1006
1266 1010
1267 1015
1267 1018
1269 1027
1270 1035
1272 1043
1272 1047
1273 1048
1273 1049
1273 1049
