-100 108
-85 108
-80 108
-75 108
-70 108
-65 108
-60 108
-55 108
-50 108
-45 108
-40 108
-35 108
-30 108
-25 108
-21 108
-18 108
-15 108
-9 108
-6 108
-3 108
0 105
3 105
9 102
18 102
27 102
36 102
42 99
48 99
57 99
66 99
72 99
90 99
108 99
117 99
129 99
141 99
156 99
168 99
177 99
189 102
204 105
219 108
231 111
240 114
246 117
261 123
279 132
300 141
312 147
321 153
333 162
342 171
351 180
357 186
363 192
366 198
372 204
375 213
381 222
384 228
387 234
390 240
393 249
399 258
399 267
402 279
405 291
408 300
411 309
411 327
411 339
411 351
411 363
411 375
411 387
411 399
411 414
408 429
405 438
402 447
396 456
390 471
381 483
375 492
366 501
357 507
348 516
333 525
318 534
309 537
297 540
276 540
261 540
243 531
225 516
213 504
207 498
204 495
198 486
195 477
192 468
189 462
189 453
189 441
189 432
189 423
195 414
201 408
210 399
216 393
225 390
231 384
240 378
246 375
255 369
264 366
276 360
288 357
303 351
318 348
327 348
339 348
348 348
363 348
375 354
393 357
414 363
435 366
468 372
501 381
531 390
558 399
579 405
600 411
621 417
645 420
669 426
693 429
717 435
738 441
759 444
774 447
792 450
810 453
828 456
849 459
873 462
891 465
912 465
936 465
957 468
978 468
999 468
1017 468
1035 468
1056 462
1080 453
1101 444
1116 432
1134 423
1149 411
1158 402
1167 387
1179 366
1188 354
1191 345
1197 336
1200 324
1200 312
1203 294
1206 279
1209 264
1209 252
1206 237
1200 222
1200 204
1197 192
1194 183
1188 171
1182 162
1176 153
1167 141
1158 132
1152 129
1149 126
1143 120
1134 114
1125 108
1119 105
1113 102
1101 99
1086 93
1068 87
1056 81
1044 78
1032 69
1014 63
1002 60
987 54
981 51
972 51
960 51
945 51
933 51
915 54
894 60
870 63
852 66
831 66
813 66
792 66
771 66
753 63
738 63
720 60
699 60
678 60
663 60
648 60
633 60
618 60
600 63
582 63
564 66
552 66
534 69
525 69
516 75
504 75
492 81
486 81
477 87
459 93
453 99
450 99
447 102
441 108
438 111
435 114
432 120
426 126
423 129
420 135
417 138
414 141
411 147
408 153
405 159
402 162
399 168
399 174
396 177
393 183
393 186
390 189
390 192
387 198
387 204
387 207
387 213
387 213
387 213
387 219
387 222
387 225
387 231
387 243
387 249
387 249
387 249
387 249
387 249
387 249
387 249
387 249
387 249
387 249
387 249
387 249
387 249
387 249
387 249
387 249
387 249
387 249
387 249
387 249
387 249
387 249
387 249
387 249
387 249
387 249
387 249
387 249
387 249
387 249
387 249
387 249
387 249
387 249
387 249
387 249
387 249
387 249
387 249
387 249
387 249
387 249
387 249
387 249
387 249
387 249
387 249
387 249
387 249
387 249
387 249
387 249
387 249
387 249
387 249
387 249
387 249
387 249
387 249
387 249
387 249
387 249
387 249
387 249
387 249
387 249
387 249
387 249
387 249
387 249
387 249
387 249
387 249
387 249
387 249
387 249
387 249
387 249
387 249
387 249
387 249
387 249
387 249
387 249
387 249
387 249
387 249
387 249
387 249
387 249
387 249
387 249
387 249
387 249
387 249
387 249
375 240
366 234
354 231
336 222
315 213
273 207
228 201
192 198
165 195
147 195
126 195
96 195
66 192
36 192
0 189
-10 183
-20 183
-30 183
-40 183
-50 183
-60 180
-70 180
-80 180
-90 180
-100 180
