504 0
504 0
504 0
504 0
504 0
504 0
504 0
504 0
504 0
504 0
504 3
500 8
499 15
498 21
497 28
495 32
495 34
495 40
494 46
493 50
493 51
493 53
493 56
490 67
489 81
487 90
486 96
486 103
484 109
483 117
483 122
483 127
483 130
483 133
483 137
482 141
479 145
479 147
478 150
477 153
474 166
468 190
466 199
463 207
460 214
460 218
459 222
459 225
458 227
458 230
457 233
456 238
456 242
456 247
456 249
456 253
455 258
455 263
455 267
455 275
453 281
452 285
452 290
451 297
450 306
450 313
450 318
450 326
448 334
448 341
448 344
447 352
450 372
450 381
450 386
449 388
449 393
449 397
448 403
447 406
447 409
447 414
444 426
443 437
443 441
443 443
443 446
441 449
441 453
441 456
440 457
440 460
439 463
438 464
438 467
438 467
438 471
437 475
437 480
437 483
437 486
436 488
436 490
436 491
436 492
436 492
436 492
436 492
436 492
436 492
436 492
436 492
436 492
436 492
436 492
436 492
436 492
436 492
436 492
436 492
436 492
436 492
436 492
436 492
436 492
436 492
436 492
436 492
436 492
436 492
436 492
436 492
436 492
436 492
436 492
436 492
436 492
436 492
436 492
436 492
436 492
436 492
436 492
436 492
436 492
436 492
436 492
436 492
436 492
436 492
436 492
436 492
436 492
436 492
436 492
436 492
436 492
436 492
436 492
436 492
436 492
436 492
436 492
436 492
436 492
436 492
436 492
436 492
436 492
436 492
436 492
436 492
436 492
436 492
436 492
436 492
436 492
436 492
436 492
436 492
436 492
436 492
436 492
436 492
436 492
436 492
436 492
436 492
436 492
436 492
436 492
436 492
436 492
436 492
436 492
436 492
436 492
436 492
436 492
436 492
436 492
436 492
436 492
436 492
436 492
436 492
436 492
436 492
436 492
436 492
436 492
436 492
436 492
436 492
436 492
436 492
436 492
436 492
436 492
436 492
436 492
436 492
436 492
436 492
436 492
436 492
436 492
436 492
436 492
436 492
436 492
436 492
436 492
436 492
436 492
436 492
436 492
436 492
436 492
436 492
436 492
436 492
436 492
436 492
436 492
436 492
436 492
436 492
436 492
436 492
436 492
436 492
436 492
436 492
436 492
436 492
436 492
436 492
436 492
436 492
436 492
436 492
436 492
436 492
436 492
435 492
435 492
434 492
433 492
432 492
431 492
428 492
426 492
423 492
421 491
419 491
416 490
413 489
406 487
403 484
401 482
399 481
394 477
390 473
387 468
384 463
378 456
377 451
376 445
374 439
372 433
372 428
371 425
371 422
370 417
369 411
369 405
369 398
371 392
371 387
372 383
374 377
377 372
379 367
381 364
384 361
386 357
388 354
394 349
400 344
407 338
411 334
418 329
424 325
430 321
436 318
439 315
447 310
456 306
460 303
466 302
472 300
476 297
481 295
484 294
488 292
493 291
496 289
499 288
501 288
502 287
505 286
510 286
518 284
533 283
546 284
559 284
568 283
578 283
591 283
603 282
615 281
638 280
648 278
653 278
660 277
666 275
677 270
684 267
689 263
697 260
705 255
714 249
722 244
733 237
741 231
750 224
757 216
763 211
769 206
773 202
780 197
789 190
795 183
801 178
809 168
817 158
824 146
830 139
834 134
839 128
841 121
845 112
848 101
849 98
850 95
853 91
854 85
855 81
857 76
858 70
860 57
860 48
860 39
860 30
860 22
860 14
860 6
860 0
860 0
860 0
860 0
860 0
860 0
860 0
860 0
860 0
860 0
860 0
860 0
